capture_name,Repeat,X,Y,Z,L*,a*,b*,dE00*C
solid_blue_pupil_1,1,164.17004,28.20637,868.12756,100,414.7577585,-409.2404796,41.15545122
solid_blue_pupil_1,2,163.96354,28.02774,866.51751,100,416.3124805,-410.1543669,41.1640089
solid_blue_pupil_1,3,162.62175,27.950492,860.12065,100,414.6471614,-409.2094181,41.15498182
solid_blue_pupil_1,4,163.36705,27.955944,863.45476,100,415.9827636,-409.9559119,41.16217862
solid_blue_pupil_1,5,164.11248,28.129133,868.08601,100,415.4872223,-409.7878589,41.15996341
solid_blue_pupil_1,6,164.12902,28.192251,868.10827,100,414.8342329,-409.3376542,41.15609011
solid_blue_pupil_1,7,163.13161,27.882595,862.18428,100,416.3446397,-410.1907308,41.16425756
solid_blue_pupil_1,8,161.1761,27.637404,852.10441,100,415.3594407,-409.5956017,41.15877444
solid_blue_pupil_1,9,161.7047,27.734074,854.88018,100,415.293105,-409.5469497,41.158369
solid_blue_pupil_1,10,163.32461,27.919721,863.48842,100,416.2993638,-410.2275124,41.16427093
solid_blue_pupil_1,11,163.50423,27.970599,863.92117,100,416.0790298,-409.959153,41.16248702
solid_blue_pupil_1,12,163.29109,27.885542,863.2708,100,416.6108614,-410.4254377,41.16604093
solid_blue_pupil_1,13,163.78268,28.094947,866.15373,100,415.2444805,-409.5821254,41.15836552
solid_blue_pupil_2,1,172.11956,28.498506,892.72553,100,426.1043222,-412.8326898,41.20456965
solid_blue_pupil_2,2,170.21675,28.103218,882.40369,100,426.9848017,-413.3104869,41.20911805
solid_blue_pupil_2,3,172.23524,28.519503,893.60798,100,426.0843683,-412.8840672,41.20471593
solid_blue_pupil_2,4,168.66642,27.908427,874.45015,100,426.3070209,-412.8815327,41.20537279
solid_blue_pupil_2,5,172.20625,28.515907,893.51931,100,426.0713312,-412.8895557,41.20469888
solid_blue_pupil_2,6,171.00487,28.293365,887.24643,100,426.3287828,-413.0508831,41.20611669
solid_blue_pupil_2,7,171.40918,28.325053,889.10633,100,426.7124163,-413.2500984,41.20806223
solid_blue_pupil_2,8,171.10505,28.166578,886.84159,100,427.8977321,-413.8759575,41.21409967
solid_blue_pupil_2,9,171.73465,28.445257,890.96985,100,425.9905521,-412.8125982,41.20414809
solid_blue_pupil_2,10,170.97045,28.240865,886.38341,100,426.8402517,-413.2315787,41.20837035
solid_blue_pupil_2,11,168.63676,27.801623,874.04066,100,427.4373167,-413.5695499,41.21150453
solid_blue_pupil_2,12,168.26485,27.835867,872.60167,100,426.3748368,-412.9810733,41.20597483
solid_blue_pupil_2,13,169.25808,27.988774,877.67073,100,426.5006138,-413.045275,41.20660856
solid_blue_pupil_3,1,183.5495,31.696184,963.00519,100,413.2141005,-406.6206439,41.13974468
solid_blue_pupil_3,2,182.43004,31.414544,956.6788,100,414.0691764,-407.0928242,41.14437672
solid_blue_pupil_3,3,183.87306,31.723008,964.76668,100,413.4927693,-406.8191549,41.14144251
solid_blue_pupil_3,4,183.0625,31.548115,960.21277,100,413.8309392,-406.9803853,41.14316741
solid_blue_pupil_3,5,182.98875,31.527334,960.04162,100,413.9089155,-407.077645,41.143816
solid_blue_pupil_3,6,183.68489,31.718777,964.18456,100,413.2216511,-406.7240578,41.14020144
solid_blue_pupil_3,7,183.61879,31.641157,962.93483,100,413.8581478,-406.9573146,41.14315544
solid_blue_pupil_3,8,183.66698,31.757034,963.48786,100,412.8251212,-406.3342122,41.13733259
solid_blue_pupil_3,9,182.84602,31.457543,959.17064,100,414.3464239,-407.3424851,41.14627872
solid_blue_pupil_3,10,182.38555,31.328852,956.5333,100,414.8274382,-407.6150287,41.14890439
solid_blue_pupil_3,11,183.32358,31.647736,961.90248,100,413.3048431,-406.6982869,41.1403522
solid_blue_pupil_3,12,183.06257,31.477482,959.37862,100,414.5140668,-407.2581052,41.14644621
solid_blue_pupil_3,13,182.58598,31.411553,957.72756,100,414.3585688,-407.3338607,41.14628037
solid_blue_pupil_4,1,164.21126,29.008222,891.5002,100,406.3260736,-408.9431476,41.12811249
solid_blue_pupil_4,2,164.97306,29.172949,896.22956,100,406.0137016,-408.8677154,41.12681961
solid_blue_pupil_4,3,165.61853,29.382782,899.71842,100,405.029087,-408.2020354,41.12091257
solid_blue_pupil_4,4,164.62129,29.051446,893.65341,100,406.6297143,-409.1306097,41.12985275
solid_blue_pupil_4,5,164.51375,29.018931,892.823,100,406.7706693,-409.1692269,41.13045466
solid_blue_pupil_4,6,165.39849,29.242917,898.31524,100,406.0680491,-408.8532962,41.12692751
solid_blue_pupil_4,7,165.13699,29.214277,897.04609,100,405.8861232,-408.7652324,41.12598638
solid_blue_pupil_4,8,164.56003,29.081977,893.59465,100,406.1999006,-408.9040285,41.12755361
solid_blue_pupil_4,9,165.52089,29.229447,898.9186,100,406.4306962,-409.0831132,41.12903239
solid_blue_pupil_4,10,164.58425,28.980883,893.25128,100,407.2968844,-409.5331276,41.13363028
solid_blue_pupil_4,11,165.1987,29.220297,896.92868,100,405.9367267,-408.6968645,41.12585316
solid_blue_pupil_4,12,165.28589,29.23397,897.21963,100,405.9547944,-408.667752,41.12578559
solid_blue_pupil_4,13,163.33255,28.877648,887.36349,100,406.0681015,-408.9148264,41.12718928
solid_blue_pupil_5,1,168.06985,29.333393,923.2198,100,409.9824928,-413.7962621,41.1598013
solid_blue_pupil_5,2,168.29926,29.42038,925.07139,100,409.4981974,-413.6003898,41.15750751
solid_blue_pupil_5,3,168.61177,29.474619,926.96736,100,409.5022175,-413.6424337,41.15769547
solid_blue_pupil_5,4,168.30935,29.378646,924.8307,100,409.9468418,-413.837557,41.15986504
solid_blue_pupil_5,5,168.25948,29.387492,924.8532,100,409.7656587,-413.7809374,41.15907686
solid_blue_pupil_5,6,168.47391,29.481793,926.39689,100,409.1805172,-413.4667585,41.15597962
solid_blue_pupil_5,7,167.60901,29.214564,920.89997,100,410.3809967,-414.1120976,41.1623308
solid_blue_pupil_5,8,168.39936,29.420926,925.6147,100,409.6728495,-413.7166957,41.15852582
solid_blue_pupil_5,9,167.69133,29.297618,921.64241,100,409.6687987,-413.6960799,41.15842737
solid_blue_pupil_5,10,167.96865,29.318312,922.56487,100,409.9557835,-413.7562862,41.15955313
solid_blue_pupil_5,11,165.2861,28.763281,907.80039,100,410.8702181,-414.3661557,41.1648748
solid_blue_pupil_5,12,167.77606,29.213711,921.58797,100,410.692208,-414.2709714,41.16393818
solid_blue_pupil_5,13,168.40482,29.42226,925.8907,100,409.6689324,-413.7684127,41.15872987
solid_blue_pupil_6,1,169.01608,30.767135,984.53773,100,397.2996996,-417.1987984,41.13551825
solid_blue_pupil_6,2,173.77448,31.603286,1012.8608,100,397.5840333,-417.5173206,41.13774916
solid_blue_pupil_6,3,174.25597,31.780187,1015.8913,100,396.7421956,-416.9835246,41.13289252
solid_blue_pupil_6,4,174.34765,31.851205,1017.2079,100,396.2323377,-416.7908494,41.13050573
solid_blue_pupil_6,5,169.17922,30.842535,986.1554,100,396.8562737,-417.0330119,41.13345346
solid_blue_pupil_6,6,175.03719,31.915993,1020.9162,100,396.8046614,-417.121316,41.13367469
solid_blue_pupil_6,7,174.27004,31.782809,1016.4489,100,396.7416692,-417.0794167,41.13330248
solid_blue_pupil_6,8,171.69694,31.261762,1001.2397,100,397.2364342,-417.3785066,41.13609513
solid_blue_pupil_6,9,174.07169,31.732301,1015.2717,100,396.8766691,-417.1682011,41.13409573
solid_blue_pupil_6,10,174.47765,31.846742,1017.5924,100,396.4969114,-416.8973689,41.13177277
solid_blue_pupil_6,11,174.15194,31.664212,1015.4053,100,397.6569765,-417.6373487,41.13848487
solid_blue_pupil_6,12,173.38074,31.527029,1010.6385,100,397.6281596,-417.5624768,41.13807681
solid_blue_pupil_6,13,174.37118,31.802096,1017.2782,100,396.7337606,-417.1223862,41.13346273
solid_blue_pupil_7,1,160.62025,28.96345,922.19007,100,400.1340734,-416.1692478,41.13977168
solid_blue_pupil_7,2,161.57842,29.022879,927.87339,100,401.3043942,-417.0107242,41.1469156
solid_blue_pupil_7,3,161.93284,29.119256,929.48606,100,400.9667267,-416.6861171,41.14451006
solid_blue_pupil_7,4,162.3118,29.222632,931.96409,100,400.6045182,-416.5049758,41.14263642
solid_blue_pupil_7,5,161.92413,29.115824,929.76006,100,400.985971,-416.77094,41.14492897
solid_blue_pupil_7,6,161.62304,29.083563,928.07518,100,400.7599885,-416.6259802,41.14362478
solid_blue_pupil_7,7,161.50191,29.105989,927.41772,100,400.3035593,-416.3219651,41.14093961
solid_blue_pupil_7,8,162.13348,29.204643,930.88899,100,400.4593957,-416.3943278,41.1417231
solid_blue_pupil_7,9,162.14904,29.269034,930.9838,100,399.8273667,-415.9628898,41.13795469
solid_blue_pupil_7,10,162.07157,29.192884,930.80805,100,400.46564,-416.4592107,41.14201828
solid_blue_pupil_7,11,162.44141,29.32429,932.72248,100,399.8019874,-415.9587311,41.13785936
solid_blue_pupil_7,12,161.36299,29.012083,925.91452,100,401.0153854,-416.6526905,41.14451625
solid_blue_pupil_7,13,161.60147,29.025237,927.62821,100,401.3228417,-416.9396658,41.14667025
solid_blue_pupil_8,1,170.74997,29.774536,950.40391,100,410.2536122,-416.6864039,41.17264716
solid_blue_pupil_8,2,170.28502,29.588947,947.68006,100,411.3240777,-417.3821192,41.17874786
solid_blue_pupil_8,3,170.09388,29.605274,946.90268,100,410.815475,-417.0997775,41.17605174
solid_blue_pupil_8,4,170.56271,29.775161,949.36337,100,409.9143681,-416.4569507,41.17067165
solid_blue_pupil_8,5,170.41555,29.661358,948.58457,100,410.8144871,-417.0755108,41.17594832
solid_blue_pupil_8,6,168.54751,29.425914,938.27678,100,409.8881164,-416.4676699,41.17063697
solid_blue_pupil_8,7,171.52966,29.934491,954.65162,100,410.0103171,-416.5017517,41.17114719
solid_blue_pupil_8,8,171.07586,29.829325,952.02985,100,410.2743428,-416.6598639,41.17259954
solid_blue_pupil_8,9,170.96236,29.809469,951.41161,100,410.2750124,-416.6632089,41.17261543
solid_blue_pupil_8,10,171.24995,29.882623,952.73749,100,410.0413213,-416.4456836,41.17100791
solid_blue_pupil_8,11,168.98976,29.413989,940.98352,100,410.8062895,-417.143274,41.17620417
solid_blue_pupil_8,12,170.59472,29.726039,949.69762,100,410.4722505,-416.8687053,41.17406174
solid_blue_pupil_8,13,168.77727,29.382257,939.5903,100,410.7520023,-417.060519,41.1756983
solid_blue_pupil_9,1,186.5432,32.90087,995.78186,100,406.8063373,-405.8460011,41.11642888
solid_blue_pupil_9,2,186.90881,32.98557,997.62619,100,406.6210386,-405.7004818,41.11522501
solid_blue_pupil_9,3,185.5502,32.636073,990.32496,100,407.6359935,-406.3684261,41.12125907
solid_blue_pupil_9,4,184.33602,32.534797,983.48842,100,406.5906481,-405.5969595,41.11468732
solid_blue_pupil_9,5,186.25111,32.808865,994.31252,100,407.1792072,-406.1133784,41.11874029
solid_blue_pupil_9,6,186.63682,32.873611,996.1535,100,407.2086266,-406.0887935,41.11872793
solid_blue_pupil_9,7,186.09722,32.712418,993.45695,100,407.8197204,-406.5344011,41.12254049
solid_blue_pupil_9,8,187.26785,33.037913,999.65895,100,406.7218322,-405.7913308,41.11592987
solid_blue_pupil_9,9,186.46671,32.817674,995.35983,100,407.4479078,-406.2718549,41.12025836
solid_blue_pupil_9,10,185.72505,32.647987,991.55327,100,407.8105485,-406.5452188,41.12255773
solid_blue_pupil_9,11,187.07684,32.959885,998.45891,100,407.1281532,-406.0263011,41.11820895
solid_blue_pupil_9,12,185.6281,32.635983,990.84169,100,407.7638286,-406.4744286,41.12211047
solid_blue_pupil_9,13,187.7995,33.161336,1002.0161,100,406.451706,-405.5140106,41.11389554
solid_green_pupil_1,1,166.94055,617.91886,47.315799,100,-171.2488131,117.4466163,36.60580296
solid_green_pupil_1,2,167.45366,619.18251,47.450163,100,-171.1363638,117.4247978,36.60253544
solid_green_pupil_1,3,167.28269,618.63755,47.389814,100,-171.1518205,117.4355906,36.60312201
solid_green_pupil_1,4,164.8326,609.94588,46.780797,100,-171.2181748,117.4021503,36.60423486
solid_green_pupil_1,5,167.15506,618.49183,47.302185,100,-171.2096569,117.4800326,36.60538748
solid_green_pupil_1,6,167.51475,619.65245,47.584134,100,-171.179544,117.3680562,36.60264375
solid_green_pupil_1,7,167.14007,618.31802,47.42685,100,-171.1886816,117.3998641,36.60343821
solid_green_pupil_1,8,166.84001,617.80174,47.245743,100,-171.2940543,117.4821656,36.60758777
solid_green_pupil_1,9,167.04267,618.6166,47.373238,100,-171.3054643,117.4442863,36.60721391
solid_green_pupil_1,10,167.83716,620.50876,47.550712,100,-171.1201481,117.4254266,36.60213057
solid_green_pupil_1,11,164.80366,610.32289,46.757891,100,-171.3051261,117.432642,36.60700046
solid_green_pupil_1,12,166.94443,617.63138,47.222015,100,-171.1952673,117.4883972,36.60516593
solid_green_pupil_1,13,167.83568,620.70443,47.491498,100,-171.1556769,117.4683912,36.60379867
solid_green_pupil_2,1,171.60131,630.62132,47.591907,100,-170.4602183,117.8454813,36.59263111
solid_green_pupil_2,2,171.05585,629.05695,47.542196,100,-170.5370961,117.8060736,36.59390387
solid_green_pupil_2,3,171.8878,631.39658,47.866623,100,-170.4119357,117.7214131,36.58918893
solid_green_pupil_2,4,171.7505,630.72181,47.692195,100,-170.3822528,117.7921815,36.58968378
solid_green_pupil_2,5,170.0186,625.34304,47.32467,100,-170.5547591,117.7694754,36.5937079
solid_green_pupil_2,6,171.92577,631.67016,47.925425,100,-170.4352614,117.6996201,36.58940101
solid_green_pupil_2,7,171.1483,629.17167,47.581909,100,-170.4977813,117.7881911,36.59257801
solid_green_pupil_2,8,171.995,632.19256,47.838079,100,-170.4818453,117.7723106,36.59188726
solid_green_pupil_2,9,171.5929,630.65987,47.470568,100,-170.4723164,117.9170329,36.59421156
solid_green_pupil_2,10,171.65318,630.29244,47.671549,100,-170.3697057,117.7853855,36.58924091
solid_green_pupil_2,11,171.36813,630.0555,47.610014,100,-170.5109774,117.810475,36.59331195
solid_green_pupil_2,12,171.60633,630.49645,47.608141,100,-170.435251,117.8307174,36.59172843
solid_green_pupil_2,13,171.37178,630.12549,47.580108,100,-170.5208378,117.8307301,36.59392424
solid_green_pupil_3,1,173.89886,652.38813,50.614018,100,-172.7190243,117.0852954,36.63709973
solid_green_pupil_3,2,174.37546,653.58808,50.774114,100,-172.6209022,117.0487923,36.63396201
solid_green_pupil_3,3,173.71261,651.38796,50.445753,100,-172.6685462,117.1349118,36.63667104
solid_green_pupil_3,4,173.27952,649.2051,50.408037,100,-172.5746471,117.0628214,36.63302381
solid_green_pupil_3,5,174.21809,652.84189,50.54252,100,-172.5947709,117.1435614,36.63493801
solid_green_pupil_3,6,171.77939,643.2857,49.995973,100,-172.5239177,117.0365102,36.63127123
solid_green_pupil_3,7,174.19614,653.14221,50.706062,100,-172.6587084,117.0670055,36.63524314
solid_green_pupil_3,8,173.53765,650.91683,50.368845,100,-172.6995491,117.1570669,36.63784598
solid_green_pupil_3,9,172.39423,646.75055,50.226274,100,-172.7202213,117.0579648,36.63665696
solid_green_pupil_3,10,173.9513,652.33411,50.587266,100,-172.6770951,117.0976179,36.636243
solid_green_pupil_3,11,173.88242,652.59774,50.620138,100,-172.7643809,117.0908322,36.63835307
solid_green_pupil_3,12,171.33074,641.92086,49.834448,100,-172.5775401,117.0672581,36.63317466
solid_green_pupil_3,13,174.2413,653.00131,50.483016,100,-172.6068791,117.1828305,36.63592806
solid_green_pupil_4,1,167.89255,644.78037,48.872438,100,-175.2640232,117.7263619,36.71248101
solid_green_pupil_4,2,166.78463,641.40428,48.566486,100,-175.4124007,117.7546072,36.71668062
solid_green_pupil_4,3,167.4679,644.07485,48.842302,100,-175.4196101,117.7132523,36.71616452
solid_green_pupil_4,4,167.01524,642.75039,48.71153,100,-175.4897262,117.7303259,36.71821081
solid_green_pupil_4,5,167.05623,642.76917,48.720117,100,-175.4663413,117.7262932,36.71755643
solid_green_pupil_4,6,167.60073,644.22019,48.990716,100,-175.3582347,117.636185,36.71332503
solid_green_pupil_4,7,166.04143,637.75977,48.204936,100,-175.2790457,117.8032273,36.71415545
solid_green_pupil_4,8,166.5148,639.72473,48.662583,100,-175.3038793,117.6284366,36.71182935
solid_green_pupil_4,9,166.76973,641.70942,48.630012,100,-175.4735218,117.7318072,36.71782939
solid_green_pupil_4,10,167.5712,643.98423,48.580027,100,-175.3376592,117.8569528,36.71653209
solid_green_pupil_4,11,165.79973,637.71229,48.396907,100,-175.4286286,117.6922159,36.7160363
solid_green_pupil_4,12,167.70164,644.82903,49.017163,100,-175.3953207,117.6473018,36.7144435
solid_green_pupil_4,13,166.53125,640.23635,48.458003,100,-175.3797027,117.7659466,36.71605163
solid_green_pupil_5,1,170.78441,623.84175,49.470523,100,-169.7964062,116.4780437,36.5511516
solid_green_pupil_5,2,172.03924,627.99634,49.655828,100,-169.7212233,116.5587103,36.55063812
solid_green_pupil_5,3,169.67818,618.89378,48.995211,100,-169.6351554,116.5251192,36.5478008
solid_green_pupil_5,4,172.53263,629.30962,49.799487,100,-169.6359179,116.5364597,36.54802337
solid_green_pupil_5,5,171.5283,626.18724,49.560437,100,-169.7310672,116.5319487,36.55041593
solid_green_pupil_5,6,172.06865,628.22546,49.688015,100,-169.7425632,116.5508326,36.55105189
solid_green_pupil_5,7,169.39273,618.42702,49.001298,100,-169.73747,116.5006659,36.55002366
solid_green_pupil_5,8,171.549,625.58246,49.646717,100,-169.6113833,116.4566358,36.54595811
solid_green_pupil_5,9,171.46926,626.35232,49.588161,100,-169.7979786,116.5237226,36.55200767
solid_green_pupil_5,10,169.30653,618.48453,49.106475,100,-169.8037356,116.4435572,36.55072669
solid_green_pupil_5,11,171.98693,627.62336,49.696551,100,-169.6892957,116.5193761,36.54910566
solid_green_pupil_5,12,170.70867,622.80594,49.266594,100,-169.6622974,116.546754,36.54889313
solid_green_pupil_5,13,171.62598,626.95696,49.553304,100,-169.8036255,116.5701238,36.55298247
solid_green_pupil_6,1,181.61358,686.95777,52.822932,100,-173.6151741,117.3313604,36.66414585
solid_green_pupil_6,2,180.94203,685.00314,52.631351,100,-173.7081959,117.352963,36.66687575
solid_green_pupil_6,3,179.8178,679.84357,52.154432,100,-173.5637138,117.3954357,36.66394048
solid_green_pupil_6,4,181.12207,685.09869,52.492378,100,-173.615185,117.4296093,36.66583248
solid_green_pupil_6,5,180.8292,684.67409,52.681368,100,-173.7237799,117.3135488,36.66659518
solid_green_pupil_6,6,180.23124,681.25359,52.351337,100,-173.539264,117.3487117,36.66251767
solid_green_pupil_6,7,179.31651,678.849,52.139804,100,-173.7081461,117.3628419,36.66704388
solid_green_pupil_6,8,180.89969,684.6005,52.40638,100,-173.6696977,117.4547122,36.66764502
solid_green_pupil_6,9,178.41787,674.42538,51.824515,100,-173.543479,117.3498302,36.66264384
solid_green_pupil_6,10,179.20927,678.72228,52.408715,100,-173.7529039,117.215867,36.66565981
solid_green_pupil_6,11,181.22666,685.46456,52.720954,100,-173.6104641,117.3246477,36.66391114
solid_green_pupil_6,12,178.74875,676.34357,51.786549,100,-173.6509027,117.4482081,36.66705709
solid_green_pupil_6,13,179.66685,680.24925,52.297698,100,-173.7199698,117.336307,36.66688872
solid_green_pupil_7,1,158.54935,588.3957,46.547363,100,-171.5351824,116.5451014,36.59733161
solid_green_pupil_7,2,157.39558,585.06034,46.1335,100,-171.712391,116.6353589,36.60347414
solid_green_pupil_7,3,158.12527,587.01194,46.35088,100,-171.5706344,116.5972599,36.59915859
solid_green_pupil_7,4,157.20448,583.83721,46.241636,100,-171.6163072,116.512054,36.59884279
solid_green_pupil_7,5,155.42681,577.81116,45.747196,100,-171.7254593,116.5224897,36.60183642
solid_green_pupil_7,6,157.7958,586.47425,46.243497,100,-171.6986287,116.6362563,36.60313577
solid_green_pupil_7,7,157.98119,586.17962,46.514086,100,-171.5150915,116.4599825,36.5953222
solid_green_pupil_7,8,157.07379,583.33468,46.072713,100,-171.6130864,116.5899017,36.60012282
solid_green_pupil_7,9,156.51318,581.89351,45.919864,100,-171.7336745,116.6135159,36.60363967
solid_green_pupil_7,10,158.00555,586.46018,46.246787,100,-171.5506017,116.6336127,36.59927967
solid_green_pupil_7,11,158.47044,588.43446,46.426245,100,-171.5968947,116.6193794,36.60022215
solid_green_pupil_7,12,157.61425,585.61143,46.271927,100,-171.6634896,116.578246,36.60121642
solid_green_pupil_7,13,157.83501,586.24773,46.176086,100,-171.6291561,116.6660532,36.60186977
solid_green_pupil_8,1,161.38848,585.17484,46.961018,100,-168.9810715,116.1453297,36.52393317
solid_green_pupil_8,2,161.79994,585.81497,46.999301,100,-168.8207156,116.1531122,36.51987817
solid_green_pupil_8,3,161.64022,585.62317,47.068086,100,-168.893586,116.1030708,36.52088368
solid_green_pupil_8,4,162.01792,586.74134,47.123512,100,-168.8465216,116.1235019,36.52001995
solid_green_pupil_8,5,161.87456,586.36588,46.955759,100,-168.873578,116.2052723,36.52220109
solid_green_pupil_8,6,161.51721,585.52098,46.915489,100,-168.9583427,116.1889596,36.52412398
solid_green_pupil_8,7,161.30777,584.26367,46.936465,100,-168.8643026,116.1163857,36.52035711
solid_green_pupil_8,8,161.02494,584.00319,46.796409,100,-169.0087533,116.1874465,36.52541468
solid_green_pupil_8,9,159.34541,577.23838,46.082486,100,-168.8800717,116.291376,36.52392208
solid_green_pupil_8,10,161.6498,585.76415,46.904007,100,-168.9136108,116.2073957,36.52328625
solid_green_pupil_8,11,161.09921,584.25328,46.91998,100,-169.0051141,116.1257102,36.52420898
solid_green_pupil_8,12,161.10257,584.33973,46.833733,100,-169.0191369,116.1812674,36.52557497
solid_green_pupil_8,13,161.46917,585.34749,47.018671,100,-168.9584674,116.1192769,36.52287311
solid_green_pupil_9,1,166.74733,640.24105,48.631015,100,-175.2401561,117.6683962,36.71090319
solid_green_pupil_9,2,167.45987,642.43862,48.720175,100,-175.1494776,117.7121524,36.70936455
solid_green_pupil_9,3,164.09038,630.69259,47.824511,100,-175.3522999,117.7149559,36.71450431
solid_green_pupil_9,4,164.64798,632.12473,48.003414,100,-175.2306209,117.674745,36.71077088
solid_green_pupil_9,5,164.9896,633.66184,48.249457,100,-175.2691582,117.6010657,36.71049529
solid_green_pupil_9,6,166.95326,640.58899,48.637356,100,-175.1653535,117.6797276,36.70921548
solid_green_pupil_9,7,165.86006,636.62862,48.422355,100,-175.205186,117.6311089,36.70939506
solid_green_pupil_9,8,166.6042,640.48586,48.611952,100,-175.3744741,117.6896451,36.71463402
solid_green_pupil_9,9,167.53638,643.0225,48.863671,100,-175.1983807,117.6563823,36.7096509
solid_green_pupil_9,10,166.33117,639.27302,48.463834,100,-175.3468493,117.7213608,36.71447553
solid_green_pupil_9,11,166.58295,640.03732,48.721389,100,-175.3124645,117.608687,36.71171183
solid_green_pupil_9,12,164.51079,632.10487,47.916958,100,-175.3174484,117.7233367,36.713771
solid_green_pupil_9,13,166.85013,641.05044,48.619984,100,-175.3101977,117.7092843,36.71335194
solid_red_pupil_1,1,492.30625,246.49639,2.5977483,100,140.4208487,157.3775112,36.72432014
solid_red_pupil_1,2,491.6194,246.19219,2.9069428,100,140.3864195,155.7312382,36.68645933
solid_red_pupil_1,3,491.01126,245.80686,2.7932715,100,140.4565683,156.293132,36.70059868
solid_red_pupil_1,4,492.50264,246.66473,2.8200666,100,140.3602552,156.20471,36.69663092
solid_red_pupil_1,5,491.67749,246.13303,2.8061461,100,140.4629465,156.245429,36.699652
solid_red_pupil_1,6,493.56475,247.20655,2.6939116,100,140.3517297,156.8992899,36.71214104
solid_red_pupil_1,7,489.01858,244.80162,2.767358,100,140.4632636,156.3691518,36.70245172
solid_red_pupil_1,8,489.09356,244.93729,2.7594379,100,140.3777174,156.4188645,36.70182661
solid_red_pupil_1,9,484.9448,242.7712,2.8462114,100,140.4554324,155.8361799,36.69025096
solid_red_pupil_1,10,486.58903,243.56629,2.8718546,100,140.4800068,155.7521956,36.68885689
solid_red_pupil_1,11,490.73133,245.83571,2.6294141,100,140.3097853,157.1667223,36.71732059
solid_red_pupil_1,12,491.10141,245.82026,3.0713274,100,140.4841237,154.8893121,36.66940738
solid_red_pupil_1,13,492.64594,246.62745,2.7756941,100,140.4546231,156.4334303,36.70372606
solid_red_pupil_2,1,501.84248,245.77128,2.8556639,100,145.1627676,155.9679786,36.7894463
solid_red_pupil_2,2,498.65171,244.3594,2.8141029,100,145.0300595,156.0984072,36.78957795
solid_red_pupil_2,3,495.98742,243.11073,2.775995,100,144.9796978,156.2227826,36.7912566
solid_red_pupil_2,4,503.31229,246.68617,2.6569071,100,144.9926675,157.0674031,36.80985226
solid_red_pupil_2,5,502.35606,246.03871,2.8513465,100,145.1488605,156.0061313,36.78999152
solid_red_pupil_2,6,498.7265,244.29687,2.852446,100,145.1173379,155.8961524,36.78696073
solid_red_pupil_2,7,498.34358,244.05951,2.7042666,100,145.1612045,156.6594359,36.80441418
solid_red_pupil_2,8,498.88884,244.38399,2.8611618,100,145.1106512,155.8565243,36.78596342
solid_red_pupil_2,9,497.53502,243.80852,2.8012801,100,145.0332845,156.1321999,36.79037783
solid_red_pupil_2,10,502.48395,246.23323,2.7175989,100,145.0336586,156.7164505,36.80306949
solid_red_pupil_2,11,503.19243,246.61873,2.8351831,100,145.0002463,156.1238693,36.78952476
solid_red_pupil_2,12,496.38649,243.1486,3.0572971,100,145.1191388,154.7937385,36.76301203
solid_red_pupil_2,13,500.42708,245.10636,3.0431865,100,145.1379759,154.9838898,36.76754132
solid_red_pupil_3,1,526.06031,271.02758,3.1042608,100,134.3533186,156.178066,36.57261176
solid_red_pupil_3,2,524.6199,270.14722,3.2118442,100,134.4615176,155.6294691,36.56179535
solid_red_pupil_3,3,525.87502,270.7688,3.2029552,100,134.4808328,155.7043869,36.56397833
solid_red_pupil_3,4,520.26157,267.94231,3.0164951,100,134.4304461,156.429045,36.58016387
solid_red_pupil_3,5,526.5048,271.29879,3.0785181,100,134.3204201,156.3141033,36.57516901
solid_red_pupil_3,6,524.05108,269.72093,3.3716958,100,134.566085,154.8815108,36.5461521
solid_red_pupil_3,7,524.9478,270.46786,3.0435089,100,134.3428049,156.4358137,36.57852267
solid_red_pupil_3,8,518.42621,266.84949,3.1805411,100,134.5473831,155.592651,36.56269863
solid_red_pupil_3,9,525.16715,270.35839,3.376505,100,134.5167632,154.8955749,36.5454582
solid_red_pupil_3,10,525.21734,270.52905,3.1602653,100,134.4035179,155.8890395,36.56677252
solid_red_pupil_3,11,520.15316,267.87544,3.2468901,100,134.4391594,155.3431382,36.55451201
solid_red_pupil_3,12,526.28983,271.12871,3.0649909,100,134.3666695,156.369064,36.57742728
solid_red_pupil_3,13,525.19229,270.44068,3.094423,100,134.4625231,156.1927636,36.57521182
solid_red_pupil_4,1,513.30286,254.66135,2.9193312,100,142.3830634,156.1654304,36.7371
solid_red_pupil_4,2,519.96093,258.00623,2.975111,100,142.3484879,156.0794642,36.73448305
solid_red_pupil_4,3,518.13868,257.01865,3.2574016,100,142.4179372,154.6741951,36.70461533
solid_red_pupil_4,4,514.99938,255.4822,2.9884625,100,142.4005234,155.8694821,36.73087845
solid_red_pupil_4,5,518.1253,256.9442,3.0655034,100,142.4744481,155.5780488,36.72591275
solid_red_pupil_4,6,517.85538,256.96757,2.9798769,100,142.343388,155.9968968,36.73254284
solid_red_pupil_4,7,511.88209,253.86761,3.014513,100,142.4580075,155.6479949,36.72713102
solid_red_pupil_4,8,520.35395,258.14196,2.9658751,100,142.3976604,156.1326512,36.73666969
solid_red_pupil_4,9,514.73893,255.36926,3.0799478,100,142.3868847,155.4171102,36.72053258
solid_red_pupil_4,10,518.32578,256.9508,3.055981,100,142.5518008,155.6244726,36.72853204
solid_red_pupil_4,11,515.78763,255.74446,3.0655703,100,142.5083296,155.5083699,36.72505874
solid_red_pupil_4,12,518.50643,257.14009,3.0655185,100,142.4687153,155.589259,36.72604442
solid_red_pupil_4,13,520.10067,258.0992,2.8883204,100,142.3288836,156.5159948,36.74378333
solid_red_pupil_5,1,532.32801,261.91157,2.815568,100,144.1674035,157.0944228,36.79378706
solid_red_pupil_5,2,531.55757,261.47985,3.0371004,100,144.2106396,155.973218,36.77015511
solid_red_pupil_5,3,528.88454,260.23096,3.0772965,100,144.1561674,155.7092097,36.76326024
solid_red_pupil_5,4,529.83967,260.7514,3.1036208,100,144.1145961,155.6128455,36.7602973
solid_red_pupil_5,5,531.96569,261.69619,3.0415021,100,144.1978545,155.9641,36.76969473
solid_red_pupil_5,6,533.62355,262.68714,2.9426174,100,144.0544594,156.5014315,36.77853862
solid_red_pupil_5,7,529.64104,260.77576,2.9176809,100,144.0140415,156.5189362,36.77810126
solid_red_pupil_5,8,529.58043,260.70411,2.8825134,100,144.0484655,156.6903718,36.78255135
solid_red_pupil_5,9,535.08238,263.44657,2.9513635,100,144.0208093,156.5002574,36.77782972
solid_red_pupil_5,10,531.2527,261.40763,3.0160526,100,144.1467649,156.0711143,36.77099605
solid_red_pupil_5,11,531.33117,261.62854,2.9305776,100,143.9971201,156.5023289,36.77739409
solid_red_pupil_5,12,530.63943,261.20407,2.9908891,100,144.0660281,156.182248,36.77178519
solid_red_pupil_5,13,531.97511,261.89152,2.9821801,100,144.0414593,156.2631555,36.77305729
solid_red_pupil_6,1,556.00241,282.10624,3.3683956,100,137.5954271,155.5662021,36.62515691
solid_red_pupil_6,2,555.15616,281.6033,3.2286596,100,137.6509449,156.1632708,36.64012733
solid_red_pupil_6,3,555.89176,282.13556,3.3951631,100,137.5310424,155.4503557,36.62113875
solid_red_pupil_6,4,556.23293,282.17842,3.2984011,100,137.6291543,155.8798962,36.63312096
solid_red_pupil_6,5,555.78714,281.93437,3.5113734,100,137.6426481,154.9370485,36.61153767
solid_red_pupil_6,6,555.70346,281.94743,3.4074741,100,137.6008,155.386656,36.62110428
solid_red_pupil_6,7,555.99457,282.19267,3.2473603,100,137.5273297,156.1093965,36.63634011
solid_red_pupil_6,8,555.16381,281.6952,3.4598698,100,137.5845237,155.14577,36.6151769
solid_red_pupil_6,9,556.48468,282.4326,3.2907251,100,137.5339684,155.9273772,36.6322603
solid_red_pupil_6,10,549.47122,278.94714,3.4396708,100,137.4775264,155.0867008,36.6115843
solid_red_pupil_6,11,557.84418,283.24947,3.3308354,100,137.4387586,155.7916141,36.62715068
solid_red_pupil_6,12,556.18043,282.21478,3.3424234,100,137.5817089,155.6863824,36.62765958
solid_red_pupil_6,13,553.05397,280.44187,3.4237454,100,137.7230087,155.2359363,36.62014017
solid_red_pupil_7,1,499.84671,251.49549,3.1678552,100,139.3805369,154.7670399,36.64372934
solid_red_pupil_7,2,501.28312,252.02831,3.2270377,100,139.5410873,154.5191883,36.6413963
solid_red_pupil_7,3,504.41776,253.70736,3.3188801,100,139.4544796,154.1932512,36.63212839
solid_red_pupil_7,4,502.93441,252.9899,3.3148938,100,139.4303642,154.1683547,36.63105417
solid_red_pupil_7,5,502.06055,252.47743,3.2578386,100,139.4918962,154.4020165,36.63769039
solid_red_pupil_7,6,506.95276,255.10797,3.0500142,100,139.3495366,155.5468459,36.66091909
solid_red_pupil_7,7,503.79687,253.31381,3.3835079,100,139.5228492,153.8739698,36.62624082
solid_red_pupil_7,8,505.12656,254.13692,3.2280408,100,139.3932011,154.6406258,36.64109856
solid_red_pupil_7,9,505.09248,254.03579,3.2143349,100,139.4636541,154.6989041,36.64389706
solid_red_pupil_7,10,505.64055,254.32384,3.1969874,100,139.4532623,154.797625,36.64593952
solid_red_pupil_7,11,504.25685,253.73706,3.1415032,100,139.361529,155.0260357,36.64926158
solid_red_pupil_7,12,505.17904,254.06253,3.231569,100,139.4777448,154.6196779,36.64237735
solid_red_pupil_7,13,505.40678,254.36155,3.1026279,100,139.3231051,155.2490032,36.65356593
solid_red_pupil_8,1,513.58149,251.57051,3.2101519,100,145.1198583,154.5711314,36.75817505
solid_red_pupil_8,2,514.03777,251.8082,3.1449544,100,145.1077419,154.8949885,36.76498348
solid_red_pupil_8,3,513.15302,251.28527,3.1096055,100,145.1843421,155.0334683,36.76957316
solid_red_pupil_8,4,514.31326,252.04001,3.0065156,100,145.0250942,155.5804016,36.77821244
solid_red_pupil_8,5,512.87431,251.30423,3.0978881,100,145.051291,155.0911488,36.76809674
solid_red_pupil_8,6,514.858,252.23216,3.0840699,100,145.0888497,155.2130775,36.77152278
solid_red_pupil_8,7,514.54341,252.00601,3.2313796,100,145.1503054,154.4974576,36.75719715
solid_red_pupil_8,8,514.27428,251.86974,3.2488274,100,145.1541127,154.4074883,36.75531422
solid_red_pupil_8,9,515.51927,252.60458,3.0104011,100,145.0475958,155.594406,36.7789771
solid_red_pupil_8,10,514.00927,251.6896,3.0745143,100,145.1971298,155.2272553,36.77405166
solid_red_pupil_8,11,514.56625,252.12184,3.1887813,100,145.061036,154.70523,36.75988615
solid_red_pupil_8,12,514.44656,251.99651,3.2708778,100,145.1179315,154.3122363,36.75248894
solid_red_pupil_8,13,515.06137,252.41369,3.0064156,100,145.019074,155.6028247,36.77857732
solid_red_pupil_9,1,541.55061,274.78183,3.3346383,100,137.5890929,155.3251047,36.61943394
solid_red_pupil_9,2,544.37642,276.18517,3.1907016,100,137.6125401,156.0520541,36.63676456
solid_red_pupil_9,3,545.2602,276.54267,3.5203873,100,137.6823777,154.6072946,36.60470521
solid_red_pupil_9,4,542.05043,275.00917,3.2430686,100,137.6093922,155.7500325,36.62970574
solid_red_pupil_9,5,539.47569,273.67856,3.3387096,100,137.6282755,155.2469547,36.61843245
solid_red_pupil_9,6,543.68589,275.72381,3.2637136,100,137.6981105,155.6946784,36.63025389
solid_red_pupil_9,7,543.55912,275.69522,3.3206121,100,137.670584,155.4371519,36.62371909
solid_red_pupil_9,8,543.87193,276.00438,3.2261324,100,137.5546585,155.8803518,36.63159687
solid_red_pupil_9,9,542.40912,275.07849,3.3334601,100,137.6964269,155.3464307,36.62215101
solid_red_pupil_9,10,542.33825,275.06948,3.2988692,100,137.6756146,155.500937,36.62530141
solid_red_pupil_9,11,539.57233,273.67362,3.290417,100,137.6701842,155.4635116,36.62432179
solid_red_pupil_9,12,542.21344,274.92753,3.3591255,100,137.7364146,155.2239304,36.62013968
solid_red_pupil_9,13,544.67541,276.29498,3.2120655,100,137.6447545,155.9600211,36.63529715
solid_white_pupil_1,1,831.81715,901.18661,937.47462,100,-4.8597331,3.018745419,6.682362725
solid_white_pupil_1,2,833.70156,896.52142,947.94049,100,-3.628107676,1.946082364,5.0966402
solid_white_pupil_1,3,831.21521,899.23173,948.04706,100,-4.620740806,2.137848482,6.217359577
solid_white_pupil_1,4,832.88904,896.37261,947.42914,100,-3.761955965,1.970743716,5.250657352
solid_white_pupil_1,5,832.58445,895.35574,947.37046,100,-3.634687361,1.899893749,5.091851693
solid_white_pupil_1,6,831.05753,895.13255,946.19494,100,-3.897084301,1.965407043,5.397670757
solid_white_pupil_1,7,829.59158,897.43134,946.56081,100,-4.612663032,2.109141691,6.202565328
solid_white_pupil_1,8,831.69799,895.75947,947.0358,100,-3.885468838,1.952985913,5.381877236
solid_white_pupil_1,9,832.05175,899.28154,937.31428,100,-4.463761667,2.890984888,6.247217696
solid_white_pupil_1,10,831.70897,899.77182,948.88455,100,-4.621828478,2.119211492,6.214460946
solid_white_pupil_1,11,831.51694,899.4028,948.31649,100,-4.592220885,2.131653169,6.185786134
solid_white_pupil_1,12,831.30811,900.14434,936.78559,100,-4.769762314,2.991036956,6.584632458
solid_white_pupil_1,13,826.82676,896.2147,946.25733,100,-4.939791853,2.040795109,6.533980869
solid_white_pupil_2,1,855.7003,911.63944,972.63072,100,-2.083261781,1.351665375,3.144902431
solid_white_pupil_2,2,854.2379,907.18719,971.43207,100,-1.554313457,1.108993532,2.422702842
solid_white_pupil_2,3,852.83577,905.87296,970.50529,100,-1.586377879,1.076157439,2.449197829
solid_white_pupil_2,4,852.26354,907.42939,967.83144,100,-1.982937169,1.372703633,3.033607803
solid_white_pupil_2,5,853.10588,902.57016,970.42929,100,-0.926487311,0.839009317,1.549500618
solid_white_pupil_2,6,850.62173,907.77616,969.5895,100,-2.366319358,1.277818319,3.459476123
solid_white_pupil_2,7,856.62078,913.13813,973.78147,100,-2.177437974,1.382133604,3.266891395
solid_white_pupil_2,8,855.91123,907.70923,972.67862,100,-1.324700173,1.062109233,2.127353563
solid_white_pupil_2,9,851.26945,900.3988,969.07817,100,-0.884282197,0.771589259,1.466522805
solid_white_pupil_2,10,850.59321,907.98395,969.64541,100,-2.409844283,1.289159198,3.514858765
solid_white_pupil_2,11,850.62558,910.98503,947.25922,100,-2.950548113,3.047044099,4.777625757
solid_white_pupil_2,12,857.96828,913.1981,974.13282,100,-1.92744622,1.362597096,2.96439992
solid_white_pupil_2,13,856.87273,912.48209,973.49816,100,-2.00934781,1.353813747,3.058016961
solid_white_pupil_3,1,885.4441,958.74842,1021.1809,100,-4.767244177,1.462456724,6.250734504
solid_white_pupil_3,2,889.3631,959.0578,1048.5314,100,-4.091017672,-0.272901219,5.378444621
solid_white_pupil_3,3,889.76148,959.0207,1048.2678,100,-4.010587478,-0.258699283,5.284711769
solid_white_pupil_3,4,890.38006,951.70731,1047.9423,100,-2.628144369,-0.749570529,3.662906755
solid_white_pupil_3,5,889.38166,960.76417,1028.0694,100,-4.381331242,1.156294519,5.783350275
solid_white_pupil_3,6,887.68077,959.34354,1023.9555,100,-4.453113423,1.323906457,5.886396398
solid_white_pupil_3,7,893.87051,963.03133,1051.4942,100,-3.938794578,-0.185273025,5.198918945
solid_white_pupil_3,8,892.1258,957.49441,1050.1775,100,-3.308016686,-0.486648997,4.464891321
solid_white_pupil_3,9,890.03973,952.74785,1048.7699,100,-2.872633079,-0.729274661,3.961245971
solid_white_pupil_3,10,887.66543,958.5647,1048.6504,100,-4.321793378,-0.314813931,5.645001453
solid_white_pupil_3,11,884.36996,955.67993,1047.0191,100,-4.438332843,-0.412135545,5.781518923
solid_white_pupil_3,12,892.67871,960.86849,1048.7359,100,-3.787605147,-0.160033012,5.020949676
solid_white_pupil_3,13,886.08239,957.35053,1048.6217,100,-4.407292087,-0.397633725,5.745682558
solid_white_pupil_4,1,859.6884,935.50584,979.88308,100,-5.588321081,2.567237865,7.303584548
solid_white_pupil_4,2,859.73632,934.71781,976.34113,100,-5.440230574,2.750009024,7.194928017
solid_white_pupil_4,3,857.15785,936.00095,956.24374,100,-6.161013995,4.20238017,8.245130277
solid_white_pupil_4,4,859.96936,935.66462,978.62037,100,-5.562437831,2.66324425,7.297765283
solid_white_pupil_4,5,853.44608,930.50725,976.4633,100,-5.906308774,2.444697511,7.596588941
solid_white_pupil_4,6,860.96891,937.88597,982.28577,100,-5.761761503,2.573290426,7.477581392
solid_white_pupil_4,7,856.80747,934.84144,980.51591,100,-6.024250004,2.477973488,7.719256493
solid_white_pupil_4,8,861.11396,937.02937,976.96337,100,-5.583440017,2.870481114,7.363985831
solid_white_pupil_4,9,859.51323,937.20124,968.87064,100,-5.920194237,3.428319759,7.820919538
solid_white_pupil_4,10,862.50285,934.79407,981.73184,100,-4.92378366,2.393020966,6.590780711
solid_white_pupil_4,11,858.08805,934.25577,978.01599,100,-5.675022984,2.604752771,7.397693219
solid_white_pupil_4,12,862.36842,932.93483,980.2731,100,-4.620863122,2.359825397,6.268139333
solid_white_pupil_4,13,858.9633,936.66753,966.7448,100,-5.931786208,3.534892896,7.858231612
solid_white_pupil_5,1,883.73179,926.08687,998.30704,100,0.664482675,0.666279925,1.182188031
solid_white_pupil_5,2,885.76709,925.52789,1011.8707,100,1.149394287,-0.272724646,1.698549704
solid_white_pupil_5,3,878.33021,923.12433,1010.3518,100,0.17625918,-0.346046578,0.444093783
solid_white_pupil_5,4,882.52822,927.00992,999.83296,100,0.270936518,0.630987001,0.74683423
solid_white_pupil_5,5,884.21283,926.49416,1011.4793,100,0.681919434,-0.177260112,1.033178783
solid_white_pupil_5,6,879.35421,923.28531,1009.3405,100,0.34147778,-0.267538962,0.587736272
solid_white_pupil_5,7,884.10025,925.94751,1009.9692,100,0.759174546,-0.116956897,1.134878196
solid_white_pupil_5,8,883.2121,925.04118,1009.6581,100,0.754869264,-0.161735827,1.133928438
solid_white_pupil_5,9,880.64997,919.59816,1007.6805,100,1.255260544,-0.424845051,1.868747543
solid_white_pupil_5,10,881.61701,924.24248,1010.0782,100,0.597348392,-0.247142298,0.928894909
solid_white_pupil_5,11,883.03763,918.43148,1010.5961,100,1.920210074,-0.702872624,2.798469317
solid_white_pupil_5,12,883.74117,922.01266,1010.7947,100,1.402622186,-0.455815458,2.072236543
solid_white_pupil_5,13,882.23539,919.27764,1010.3846,100,1.614165712,-0.627276067,2.386807609
solid_white_pupil_6,1,922.65035,1002.5605,1109.9436,100,-5.348435745,-1.112968672,6.83264408
solid_white_pupil_6,2,922.43554,1006.2587,1108.4245,100,-5.99350434,-0.774610644,7.48179075
solid_white_pupil_6,3,920.30301,1005.0721,1110.0822,100,-6.180303617,-0.953670594,7.684963587
solid_white_pupil_6,4,920.37969,1006.3328,1095.4805,100,-6.372894406,0.014897947,7.847800825
solid_white_pupil_6,5,917.97932,1003.6133,1098.4074,100,-6.357325807,-0.343681592,7.83625927
solid_white_pupil_6,6,922.2573,1006.9729,1109.9619,100,-6.14213715,-0.819893545,7.637216698
solid_white_pupil_6,7,915.45428,1003.0138,1108.9287,100,-6.712114183,-1.021360518,8.223435146
solid_white_pupil_6,8,923.02383,1007.4195,1110.0128,100,-6.078360979,-0.79328314,7.570249437
solid_white_pupil_6,9,923.06661,1007.7622,1101.7384,100,-6.126725332,-0.270405408,7.59897357
solid_white_pupil_6,10,920.37586,997.57157,1109.3578,100,-4.932688298,-1.412225774,6.423042318
solid_white_pupil_6,11,920.30182,1006.3,1101.7621,100,-6.381453142,-0.368795876,7.861371457
solid_white_pupil_6,12,919.38233,1004.3646,1108.9857,100,-6.229145387,-0.934642832,7.733347364
solid_white_pupil_6,13,916.74659,1004.492,1109.81,100,-6.722310196,-0.975917532,8.230533905
solid_white_pupil_7,1,834.1929,876.0722,1013.2092,100,0.302565315,-4.062425625,3.747389765
solid_white_pupil_7,2,833.90493,874.5385,1011.5074,100,0.537249146,-4.067266261,3.797964084
solid_white_pupil_7,3,834.19559,875.62498,1010.7455,100,0.388264152,-3.931600409,3.65285798
solid_white_pupil_7,4,831.88381,875.23516,1011.2753,100,-0.000190837,-3.997502711,3.66963744
solid_white_pupil_7,5,830.73504,875.2732,1013.7779,100,-0.237691328,-4.162683657,3.81942674
solid_white_pupil_7,6,834.0912,872.42774,1011.4616,100,0.977887957,-4.2286253,4.074060065
solid_white_pupil_7,7,833.94444,873.74554,1011.4673,100,0.696530074,-4.126283221,3.89081274
solid_white_pupil_7,8,835.94782,874.63358,1013.4926,100,0.927499496,-4.193281162,4.026111658
solid_white_pupil_7,9,829.95217,874.71597,986.22634,100,-0.288662548,-2.339101351,2.256632414
solid_white_pupil_7,10,831.1568,874.73355,1013.4109,100,-0.050360868,-4.180015268,3.82295057
solid_white_pupil_7,11,832.47773,871.32476,1010.4596,100,0.86581285,-4.247274157,4.045028613
solid_white_pupil_7,12,835.03242,874.46655,1013.2631,100,0.776466783,-4.190866204,3.968668654
solid_white_pupil_7,13,829.63323,874.16321,1012.3385,100,-0.247389762,-4.152347999,3.811815315
solid_white_pupil_8,1,856.88492,870.38998,1035.3888,100,5.894633167,-5.987008077,8.622473663
solid_white_pupil_8,2,853.56334,874.95372,1011.4549,100,4.360140676,-4.031450228,6.566799081
solid_white_pupil_8,3,856.44842,873.6204,1034.7654,100,5.184497582,-5.691500747,7.933554521
solid_white_pupil_8,4,854.285,868.41085,1032.5793,100,5.766096021,-5.956748772,8.50769682
solid_white_pupil_8,5,853.92315,872.87502,1035.1413,100,4.83110654,-5.774944569,7.681433433
solid_white_pupil_8,6,851.18968,870.97094,1034.2429,100,4.65908348,-5.86519626,7.583377338
solid_white_pupil_8,7,857.49917,873.38434,1035.6041,100,5.43654013,-5.765593128,8.168287091
solid_white_pupil_8,8,856.29045,871.13541,1034.876,100,5.633311077,-5.89423449,8.377047412
solid_white_pupil_8,9,855.21376,871.92358,1032.8258,100,5.268959565,-5.696161799,8.004454646
solid_white_pupil_8,10,857.83272,872.82925,1036.1361,100,5.609204584,-5.844439916,8.338800418
solid_white_pupil_8,11,851.3972,870.12441,1033.5763,100,4.863710577,-5.887683024,7.755527976
solid_white_pupil_8,12,850.98912,870.23069,1034.0853,100,4.762485935,-5.913091655,7.686150992
solid_white_pupil_8,13,854.6462,872.7465,1035.235,100,4.998339191,-5.791253796,7.822872227
solid_white_pupil_9,1,908.4917,956.75653,1082.1969,100,-0.160727116,-2.555910269,2.427332748
solid_white_pupil_9,2,907.214,957.3696,1083.8729,100,-0.501827825,-2.61715415,2.562933543
solid_white_pupil_9,3,905.23214,956.00666,1067.99,100,-0.628734457,-1.718343173,1.870309457
solid_white_pupil_9,4,910.34687,959.15914,1084.1745,100,-0.238713367,-2.509845577,2.397848827
solid_white_pupil_9,5,909.56072,956.4191,1084.6046,100,0.094047421,-2.729852037,2.578020114
solid_white_pupil_9,6,904.58511,950.25178,1079.2972,100,0.258082487,-2.835557049,2.693124744
solid_white_pupil_9,7,912.43549,960.07852,1086.9813,100,-0.016500699,-2.619734865,2.475822117
solid_white_pupil_9,8,908.52206,956.67708,1082.9299,100,-0.141322663,-2.60724046,2.470950242
solid_white_pupil_9,9,904.34553,954.70312,1083.9514,100,-0.564719575,-2.81051094,2.750220683
solid_white_pupil_9,10,908.6908,958.00753,1083.3848,100,-0.341895701,-2.541757774,2.448403703
solid_white_pupil_9,11,908.7554,957.08465,1083.3318,100,-0.169502945,-2.603533995,2.470723063
solid_white_pupil_9,12,902.63912,953.37868,1082.4256,100,-0.648025142,-2.809133407,2.782178019
solid_white_pupil_9,13,908.5236,957.28581,1082.5001,100,-0.247014736,-2.537484066,2.423848263
